3627735137 0
3627735265 1
3627735105 2
3627735106 0
3627735120 1
3627735233 2
3627735246 0
3627735278 1
3627735150 2
3627735886 0
3627729092 1
3627729093 2
1089058413 0
1089058412 1
2899902562 0
285212672 3
285245440 3
285278208 3
285310976 3
285343744 4
285376512 3
285409280 4
285442048 3
285474816 4
285507584 4
285540352 3
285573120 4
285605888 3
285638656 3
285671424 3
285704192 3
285736960 3
285769728 3
285802496 3
285835264 3
285868032 3
285900800 3
285933568 4
285966336 4
285999104 4
286031872 4
286064640 3
286097408 3
286130176 4
286162944 4
286195712 4
286228480 3
286261248 4
286294016 4
286326784 4
286359552 3
286392320 3
286425088 3
286457856 4
286490624 3
286523392 4
286556160 3
286588928 3
286621696 3
286654464 4
286687232 4
286720000 4
286752768 3
286785536 4
286818304 3
286851072 3
286883840 4
286916608 4
286949376 3
286982144 4
287014912 3
287047680 4
287080448 4
287113216 3
287145984 3
287178752 4
287211520 4
287244288 4
287277056 3
287309824 3
287342592 4
287375360 4
287408128 3
287440896 3
287473664 4
287506432 4
287539200 3
287571968 4
287604736 4
287637504 4
287670272 4
287703040 3
287735808 3
287768576 4
287801344 4
287834112 4
287866880 4
287899648 3
287932416 4
287965184 4
287997952 3
288030720 3
288063488 4
288096256 4
288129024 4
288161792 3
288194560 4
288227328 4
288260096 3
288292864 3
288325632 4
288358400 4
288391168 4
288423936 4
288456704 3
288489472 4
288522240 4
288555008 4
288587776 3
288620544 3
288653312 4
288686080 4
288718848 4
288751616 3
288784384 4
288817152 3
288849920 3
288882688 3
288915456 4
288948224 3
288980992 3
289013760 4
289046528 3
289079296 4
289112064 3
289144832 4
289177600 4
289210368 3
289243136 4
289275904 4
289308672 4
289341440 4
289374208 4
289406976 4
289439744 4
289472512 3
289505280 4
289538048 4
289570816 4
289603584 4
289636352 4
289669120 4
289701888 3
289734656 4
289767424 3
289800192 3
289832960 3
289865728 4
289898496 4
289931264 4
289964032 4
289996800 4
290029568 3
290062336 3
290095104 4
290127872 3
290160640 4
290193408 4
290226176 3
290258944 4
290291712 4
290324480 3
290357248 3
290390016 3
290422784 3
290455552 4
290488320 3
290521088 3
290553856 3
290586624 3
290619392 3
290652160 4
290684928 3
290717696 4
290750464 3
290783232 3
290816000 4
290848768 4
290881536 3
290914304 4
290947072 4
290979840 4
291012608 4
291045376 3
291078144 3
291110912 3
291143680 4
291176448 3
291209216 4
291241984 4
291274752 3
291307520 4
291340288 4
291373056 3
291405824 3
291438592 3
291471360 3
291504128 4
291536896 4
291569664 4
291602432 3
291635200 3
291667968 3
291700736 3
291733504 4
291766272 3
291799040 4
291831808 3
291864576 3
291897344 3
291930112 4
291962880 3
291995648 3
292028416 3
292061184 3
292093952 3
292126720 3
292159488 3
292192256 3
292225024 4
292257792 3
292290560 4
292323328 3
292356096 4
292388864 4
292421632 3
292454400 3
292487168 3
292519936 3
292552704 4
292585472 3
292618240 4
292651008 3
292683776 4
292716544 4
292749312 3
292782080 4
292814848 3
292847616 4
292880384 4
292913152 3
292945920 4
292978688 4
293011456 4
293044224 4
293076992 4
293109760 3
293142528 3
293175296 3
293208064 4
293240832 4
293273600 4
293306368 3
293339136 4
293371904 3
293404672 3
293437440 3
293470208 3
293502976 4
293535744 3
293568512 3
293601280 4
293634048 4
293666816 3
293699584 4
293732352 4
293765120 4
293797888 3
293830656 3
293863424 3
293896192 3
293928960 4
293961728 4
293994496 3
294027264 3
294060032 4
294092800 4
294125568 3
294158336 3
294191104 3
294223872 4
294256640 4
294289408 3
294322176 4
294354944 3
294387712 4
294420480 3
294453248 3
294486016 3
294518784 4
294551552 3
294584320 4
294617088 3
294649856 4
294682624 4
294715392 4
294748160 4
294780928 3
294813696 3
294846464 4
294879232 4
294912000 3
294944768 3
294977536 3
295010304 3
295043072 3
295075840 4
295108608 3
295141376 4
295174144 3
295206912 3
295239680 3
295272448 4
295305216 4
295337984 4
295370752 3
295403520 4
295436288 3
295469056 4
295501824 3
295534592 4
295567360 4
295600128 4
295632896 4
295665664 3
295698432 4
295731200 4
295763968 3
295796736 4
295829504 3
295862272 3
295895040 3
295927808 4
295960576 4
295993344 3
296026112 4
296058880 4
296091648 3
296124416 3
296157184 3
296189952 4
296222720 4
296255488 3
296288256 4
296321024 4
296353792 4
296386560 3
296419328 3
296452096 4
296484864 3
296517632 4
296550400 3
296583168 4
296615936 4
296648704 4
296681472 4
296714240 3
296747008 4
296779776 4
296812544 4
296845312 3
296878080 3
296910848 4
296943616 3
296976384 4
297009152 3
297041920 3
297074688 3
297107456 4
297140224 4
297172992 3
297205760 3
297238528 4
297271296 4
297304064 4
297336832 3
297369600 4
297402368 3
297435136 4
297467904 3
297500672 4
297533440 3
297566208 4
297598976 3
297631744 4
297664512 3
297697280 4
297730048 3
297762816 3
297795584 3
297828352 3
297861120 4
297893888 3
297926656 3
297959424 3
297992192 4
298024960 4
298057728 4
298090496 4
298123264 4
298156032 3
298188800 4
298221568 4
298254336 4
298287104 4
298319872 4
298352640 3
298385408 3
298418176 3
298450944 3
298483712 4
298516480 3
298549248 4
298582016 3
298614784 4
298647552 4
298680320 4
298713088 4
298745856 4
298778624 4
298811392 4
298844160 3
298876928 4
298909696 4
298942464 3
298975232 4
299008000 3
299040768 3
299073536 3
299106304 4
299139072 3
299171840 4
299204608 3
299237376 3
299270144 4
299302912 3
299335680 4
299368448 4
299401216 4
299433984 4
299466752 3
299499520 3
299532288 3
299565056 3
299597824 3
299630592 4
299663360 4
299696128 4
299728896 3
299761664 4
299794432 3
299827200 3
299859968 3
299892736 3
299925504 3
299958272 4
299991040 4
300023808 4
300056576 3
300089344 3
300122112 4
300154880 3
300187648 4
300220416 4
300253184 4
300285952 3
300318720 4
300351488 4
300384256 4
300417024 4
300449792 3
300482560 4
300515328 3
300548096 4
300580864 4
300613632 3
300646400 4
300679168 4
300711936 3
300744704 4
300777472 3
300810240 3
300843008 4
300875776 3
300908544 3
300941312 3
300974080 3
301006848 3
301039616 4
301072384 3
301105152 4
301137920 4
301170688 3
301203456 3
301236224 3
301268992 3
301301760 4
301334528 3
301367296 3
301400064 3
301432832 4
301465600 3
301498368 4
301531136 4
301563904 4
301596672 4
301629440 4
301662208 3
301694976 3
301727744 3
301760512 4
301793280 4
301826048 3
301858816 4
301891584 3
301924352 3
301957120 3
520964608 5
379481088 6
